0.545454545	0.488003684	0.75	0.581106237	0.647956256
0.272727273	0.851332593	0	0.139340992	0.329947797
0.909090909	0.087727654	0.25	0.444529553	0.232188106
0.636363636	0.806340187	0.25	0.626924229	0.634627647
0.363636364	0.055464998	1	0.489433885	0.410362953
0.545454545	0.842821586	0.5	0.402217256	0.56740962
0.818181818	0.051443432	0.25	0.994950126	0.43663121
0.181818182	0.018020889	0.5	0.88128931	0.446173443
0.545454545	0.697340404	0.75	0.624092697	0.758519476
0.909090909	0.997900179	0	0.570003573	0.412515344
0.909090909	0.897165856	1	0.621344143	0.793330495
0.636363636	0.576270331	0.5	0.201525985	0.442478934
0.363636364	0.917969597	0.25	0.395568759	0.459554509
0.272727273	0.005066962	0.5	0.039492091	0.083375573
0.636363636	0.975692175	0.25	0.476067133	0.486271877
0.636363636	0.490945263	0.5	0.543621274	0.552664768
0.181818182	0.723297986	0.25	0.227993231	0.477503264
0.454545455	0.821350043	0.75	0.965097178	0.884508433
0.363636364	0.718855233	0.25	0.910461804	0.744079449
0.090909091	0.535272402	0.25	0.722940588	0.57743402
0.636363636	0.476803466	0	0.533972521	0.361959081
1	0.839086808	0.25	0.870932118	0.693097088
0.454545455	0.20502128	0	0.130787063	0.091758658
0.090909091	0.96861282	1	0.791383736	0.781303131
1	0.7113438	0	0.124949	0.362390762
0.363636364	0.199445719	0.75	0.79508875	0.550353733
0	0.736660886	0	0.276064856	0.454936431
1	0.530071095	1	0.878061517	0.851419783
0.818181818	0.707618123	0.75	0.945088034	0.879083295
0.454545455	0.768221104	0.5	0.148951014	0.510167355
1	0.087129681	0.5	0.463182282	0.291787922
0.727272727	0.506314027	0	0.982074707	0.585446668
0	0.932601261	0	0.483937338	0.427321236
0.909090909	0.320688165	1	0.864503287	0.702669528
0.909090909	0.594170835	1	0.589379416	0.733648124
0.818181818	0.369319445	0.25	0.375738733	0.350105272
1	0.454432178	1	0.286092064	0.560689152
1	0.548850792	0.25	0.203439109	0.357936559
0.181818182	0.549169936	0.75	0.762639968	0.739267374
1	0.201671221	0	0.386961891	0.18109664
0.545454545	0.684939527	0.75	0.511836584	0.702675686
0.272727273	0.087708124	1	0.492865373	0.449932902
0.727272727	0.138709873	0.75	0.577914093	0.43296123
0.181818182	0.002475564	0.75	0.866535183	0.482422847
0.363636364	0.116561584	0.75	0.981826395	0.576760118
0.181818182	0.473347128	1	0.408029168	0.608693613
0.545454545	0.60640043	0.75	0.828434324	0.78156119
0.363636364	0.794754508	0.25	0.765372629	0.668431692
0.727272727	0.106555925	1	0.574159815	0.479296262
0.545454545	0.851242455	0.75	0.957106533	0.838351783
0.090909091	0.746396835	1	0.200687455	0.667686772
0.272727273	0.408642019	0.5	0.109374969	0.319056729
0.727272727	0.933525803	0.25	0.854906993	0.636653485
1	0.991568523	0.75	0.439630138	0.573039519
0.090909091	0.204945463	0.5	0.847906046	0.509437534
0.818181818	0.379326395	0.5	0.894079065	0.628565142
0.727272727	0.927031418	1	0.062515916	0.538140055
0.818181818	0.72199729	0.5	0.88444284	0.793003336
0.363636364	0.047899465	0.25	0.448809649	0.182922288
0.090909091	0.781968237	0.25	0.510992667	0.569215895
0.272727273	0.828435721	0	0.62728282	0.531478665
1	0.75092824	0.25	0.927408763	0.762215785
1	0.800006833	0.5	0.019125862	0.432750301
0.545454545	0.825625025	0.25	0.477366017	0.528946388
1	0.186332185	1	0.688480833	0.564144672
0.636363636	0.235662554	0	0.723504941	0.345262939
0.181818182	0.634081583	0.5	0.693296611	0.685893377
0	0.908431682	0	0.134574086	0.289953681
0.272727273	0.316238621	0.5	0.299719346	0.344277494
0.090909091	0.588589479	1	0.359105738	0.640964807
0.636363636	0.683348636	0	0.805326752	0.614898537
0.272727273	0.452110754	0.75	0.279060513	0.469856606
0.090909091	0.71417628	0.5	0.210929364	0.534862569
0.454545455	0.900225743	0.75	0.958508978	0.809516293
0.454545455	0.624416019	0	0.008861567	0.25927201
0.818181818	0.54002093	0.75	0.998927043	0.82125101
0.272727273	0.438895146	0.75	0.677567878	0.636561117
0.454545455	0.577759501	0	0.829385766	0.60452606
0.090909091	0.355439145	1	0.294937804	0.507502143
0.818181818	0.391590762	0.75	0.014319667	0.329114568
1	0.532090337	0.75	0.738684489	0.707238172
0.090909091	0.066440324	1	0.835067422	0.541121463
0.818181818	0.2289903	0.75	0.741294022	0.546235985
0.272727273	0.543091893	0.75	0.142998671	0.464152163
0.636363636	0.431672228	0.75	0.754260322	0.673276083
0.545454545	0.33287253	0.25	0.76977254	0.473050647
1	0.730957797	1	0.659266615	0.848500861
0.727272727	0.694093679	0.75	0.766962547	0.798074206
0.636363636	0.166640551	1	0.846857458	0.646572864
0.363636364	0.879168798	0.5	0.614279873	0.635267973
0.090909091	0.495624247	0.5	0.088692328	0.38567801
0.363636364	0.741879227	0.75	0.48816244	0.731167078
0.636363636	0.573420243	1	0.077724676	0.538773776
0.818181818	0.998337647	1	0.407987944	0.631860514
0.727272727	0.752831117	1	0.407550913	0.763439852
1	0.707368268	0.25	0.066072146	0.372607841
1	0.779023091	0.5	0.349199662	0.583045542
1	0.143016892	1	0.1111108	0.326643755
0.727272727	0.204487842	1	0.809129009	0.627743427
0	0.714458157	0.25	0.948738051	0.737684623
0.727272727	0.494180831	0.25	0.072385842	0.286141183
0.545454545	0.755065264	1	0.956173552	1
0.727272727	0.102769358	0	0.523150382	0.207978622
0.636363636	0.5367183	1	0.299889627	0.601012163
0	0.378919015	1	0.076936534	0.440628449
1	0.457166842	0.25	0.501173458	0.434226729
0.636363636	0.604254524	0.25	0.795393974	0.613143218
0.636363636	0.502495042	1	0.707866962	0.734893899
0.909090909	0.540100575	1	0.050270631	0.524395204
0.181818182	0.48655008	1	0.072971858	0.480237838
0	0.409079289	0.25	0.403312964	0.370855607
0.636363636	0.772327213	1	0.295609653	0.698782055
0.181818182	0.011976136	1	0.23263301	0.319458646
0.181818182	0.598734473	0.75	0.281307654	0.582388511
0	0.565770979	0	0.804371218	0.581716044
0.909090909	0.716575021	0.5	0.930257398	0.815062638
0.363636364	0.599321656	0	0.405544874	0.41383595
0.818181818	0.827292651	0.75	0.907114449	0.831534587
0.545454545	0.959685656	0.5	0.321844217	0.49887534
0.818181818	0.342589591	1	0.47695908	0.55335639
0.727272727	0.227314411	0.75	0.226270565	0.342602562
1	0.42373393	1	0.641181905	0.663652288
0.545454545	0.287946645	0.25	0.980066197	0.532882578
0.727272727	0.615256641	0.75	0.604157527	0.687824779
0.636363636	0.912421488	0.25	0.358203287	0.443873572
1	0.139001551	0.75	0.648531533	0.454690758
0.090909091	0.100646053	0.75	0.123046736	0.223118239
0	0.256004322	0.25	0.889642976	0.49853933
0.545454545	0.726500306	0.5	0.503635896	0.636470286
0.545454545	0.593249829	0	0.44984149	0.427359752
0.636363636	0.102065369	1	0.586509471	0.500530815
0.363636364	0.919325705	0.75	0.625472146	0.682664735
0.181818182	0.790545975	1	0.071844567	0.593615165
1	0.022805242	0.25	0.683370293	0.276665359
0.636363636	0.651705811	1	0.242191063	0.656037785
0.454545455	0.771691339	0.25	0.714740809	0.673054625
0.909090909	0.374528939	1	0.823444613	0.718051693
0.181818182	0.068744788	0	0.804847515	0.29261255
0	0.077151746	0	0.553108273	0.174824414
0.181818182	0.104101471	0	0.520740979	0.20014972
0.363636364	0.840945524	0	0.143024374	0.3424099
0.181818182	0.911254245	0	0.776203105	0.549322405
0	0.122681712	0	0.271701786	0.089778076
0.363636364	0.235877032	0.25	0.497240211	0.307224767
0.818181818	0.16542923	0.75	0.284580911	0.33714005
0.545454545	0.186248004	1	0.13396664	0.364100135
0.545454545	0.837994072	0	0.630251328	0.525543053
0.909090909	0.332202564	0.25	0.054381254	0.199049639
0.727272727	0.311482098	0.25	0.749472276	0.432858782
0.818181818	0.227359088	0.25	0.317930932	0.234740124
0.818181818	0.608194529	0.75	0.000123196	0.452396441
1	0.379403577	1	0.511690097	0.590460128
0.181818182	0.744670435	0.75	0.046892748	0.532096142
0.545454545	0.205523973	0.5	0.276467296	0.272266722
0	0.788249196	0.25	0.707756849	0.662701811
0.272727273	0.604017975	0.5	0.062748204	0.406232567
0.272727273	0.114130671	0	0.840267136	0.29466351
0.363636364	0.414633607	0	0.003812554	0.121361169
0.545454545	0.864044453	0.75	0.247088732	0.559126979
0.545454545	0.923539139	1	0.741722426	0.807045353
0.909090909	0.465874443	0.5	0.316612812	0.399888818
0.272727273	0.481024692	1	0.101994888	0.485905752
0.545454545	0.919029646	0.75	0.360625833	0.576344728
0.909090909	0.587349932	0	0.270684554	0.367933561
0.181818182	0.032637999	1	0.843644325	0.545104198
0.454545455	0.913319336	1	0.313687306	0.639711284
1	0.248208341	0	0.789804646	0.378051917
0.090909091	0.577905313	0.5	0.89285964	0.699415318
0.818181818	0.165422031	0	0.434291767	0.199438853
0.727272727	0.033671403	1	0.910950884	0.580714967
0.363636364	0.311511031	0.5	0.377729107	0.385397983
0.454545455	0.780948561	0.5	0.965146803	0.885567477
1	0.27759505	0	0.089377906	0.082838939
1	0.220054224	1	0.68777727	0.611124078
1	0.212631232	0.75	0.494355601	0.435592614
1	0.515391778	1	0.388071431	0.629669491
0.272727273	0.976166747	0.25	0.633409043	0.527745071
0.909090909	0.459157371	0.75	0.704633958	0.650126513
0.818181818	0.557560742	0.5	0.00435651	0.352803579
0.545454545	0.861155777	0.75	0.167128475	0.541120989
1	0.535305418	0.5	0.713833211	0.612970257
0.727272727	0.184388352	0.5	0.667120302	0.436750568
0.545454545	0.299623262	0.75	0.967118097	0.670191562
0	0.309973427	0.5	0.761878715	0.516820027
0	0.397431931	0.5	0.951826188	0.648986085
0.727272727	0.426928797	0.25	0.703315893	0.520923753
0.909090909	0.80025194	1	0.298374462	0.681789441
0.727272727	0.349458405	1	0.105471312	0.428368761
0.272727273	0.468408389	0.25	0.782688074	0.54835674
0.727272727	0.625291236	0.75	0.644859199	0.7308994
0.181818182	0.377822428	0	0.048228346	0.157070921
0.545454545	0.837067277	0	0.360442174	0.451040574
0.454545455	0.587735653	0	0.957860048	0.623010315
0.636363636	0.294067118	0.25	0.500950085	0.360695441
0.909090909	0.71445327	0.25	0.433202264	0.550891967
0.727272727	0.527876862	0.5	0.458200707	0.54406704
0.363636364	0.534691047	0	0.209105083	0.286804678
0	0.481275884	0.75	0.369108577	0.542954903
0.181818182	0.497213974	0.75	0.370215901	0.53934434
0.818181818	0.765795739	0	0.052402024	0.339930757
1	0.102834864	0	0.768415869	0.290985776
0.636363636	0.334420924	0	0.416959384	0.276035688
0.909090909	0.075332436	0.25	0.823089308	0.36239418
0.454545455	0.753674964	0.25	0.851288978	0.73778227
0.636363636	0.272305055	0.25	0.212219899	0.245337717
0.727272727	0.897986728	1	0.658078252	0.794219511
0.272727273	0.526806653	0.75	0.472799243	0.610609526
0	0.801220546	0.75	0.881131109	0.849274471
0	0.979559866	0.5	0.215970721	0.414048145
0.818181818	0.840294176	0.25	0.678560891	0.632005477
0.272727273	0.867523148	1	0.608421325	0.789129984
1	0.408107749	1	0.295620649	0.551009639
0.545454545	0.551973029	0.75	0.136742287	0.469463333
0.090909091	0.253875472	0.25	0.652358129	0.38792213
0.181818182	0.196048888	0.5	0.739413244	0.439996097
0	0.505717422	0.25	0.315969286	0.385530952
0.363636364	0.595337749	0	0.645543347	0.517422319
0	0.339333701	0.25	0.395561916	0.327421445
0.636363636	0.569709631	0	0.713994224	0.526408798
0	0.888007979	0	0.199426803	0.331831567
0.909090909	0.556976442	0.5	0.891200642	0.72042417
0	0.721213142	0.75	0.287719927	0.613373743
0.090909091	0.805789781	0.25	0.368186362	0.514243623
0.090909091	0.989365882	0	0.058145383	0.183355121
1	0.603493381	0.25	0.111625489	0.358604459
0.454545455	0.807326321	0.75	0.516428163	0.683884676
0.545454545	0.963263343	0.75	0.267880807	0.538642798
0.363636364	0.945007611	1	0.836404547	0.83783915
0	0.140968945	0.75	0.014698202	0.214808575
0	0.406514153	0.5	0.379507091	0.450531454
0.181818182	0.324038996	0	0.337711819	0.222581352
0.090909091	0.086764193	1	0.019337635	0.271780419
0.363636364	0.633563337	0.5	0.124496078	0.461827579
1	0.736318012	0.25	0.414094421	0.550444596
0.818181818	0.848640791	0	0.493405081	0.488663812
0.454545455	0.12264779	0.75	0.404731016	0.340483449
0.545454545	0.876981825	0	0.531520828	0.46253719
0.272727273	0.643256694	0.25	0.595786739	0.568573399
0.545454545	0.704331257	1	0.009923291	0.568093874
0.909090909	0.911191996	1	0.464603426	0.682142872
0.636363636	0.62507633	1	0.964566978	0.932310151
0.909090909	0.3359253	0.75	0.519602092	0.512108011
0	0.825599658	0.5	0.678289654	0.69865993
0.454545455	0.363142715	0.5	0.312201584	0.372287606
0.636363636	0.034020662	0	0.774846815	0.231116322
0.363636364	0.831151741	0.75	0.77377572	0.799881055
0.272727273	0.345259839	1	0.521868395	0.562839699
0.090909091	0.774281483	1	0.977095581	0.974366694
0.454545455	0.362841131	0.25	0.125679218	0.21960052
0.454545455	0.861592165	0.25	0.016955003	0.368872766
0.909090909	0.219467016	1	0.771009354	0.633323312
0	0.975171817	1	0.808048127	0.801314347
0.727272727	0.780210976	0.75	0.120330247	0.578179635
1	0.114101271	0.5	0.265868711	0.216682963
0.909090909	0.566039489	0.25	0.017560379	0.310582604
0.454545455	0.986001438	0.5	0.29362555	0.45635604
0.181818182	0.471244521	0.75	0.773996359	0.693656024
0.272727273	0.182030535	1	0.518529139	0.516778685
1	0.484969568	0.5	0.348473909	0.469510806
0.909090909	0.512673348	1	0.372144098	0.621840111
0.272727273	0.74210546	1	0.001343494	0.569789814
0.181818182	0.699226463	0	0.300124739	0.408182543
0.818181818	0.402668489	0.5	0.647171306	0.533891218
0.181818182	0.217978282	0.5	0.975274163	0.569614763
0.181818182	0.645387182	1	0.847998121	0.864873663
0.272727273	0.421839327	0.75	0.02360975	0.394786648
0.545454545	0.132155516	0	0.899555593	0.378399788
0.272727273	0.901131399	1	0.784064164	0.837969792
0.727272727	0.691595721	0.25	0.781238713	0.678002137
0	0.683550608	0.25	0.458497193	0.540346764
0.636363636	0.823073969	0	0.398439521	0.436271439
0.545454545	0.529892593	0.75	0.30324343	0.533601425
0.090909091	0.81553786	1	0.065756808	0.590861989
0.636363636	0.498293734	0.5	0.228479402	0.402036268
0	0.066997103	0	0.246868251	0.065710895
0.909090909	0.40536892	0.75	0.484607722	0.536622599
1	0.49766732	0.5	0.748270103	0.601412653
0.727272727	0.720602088	0.25	0.474328979	0.557853021
0.727272727	0.106435298	0.25	0.057897603	0.067928662
0.090909091	0.139904694	0.5	0.958851142	0.545263874
0.545454545	0.263679378	0	0.943768783	0.453694041
0.818181818	0.266496459	0.25	0.786057525	0.43352903
0.181818182	0.732594686	1	0.992426815	0.991174596
0.545454545	0.250714775	0.5	0.545080656	0.392492334
1	0.633420499	0.5	0.963835269	0.800659833
0.818181818	0.494473453	0.25	0.075678091	0.282010806
0.727272727	0.573563899	0	0.366078764	0.378993165
0.272727273	0.838610792	1	0.22562211	0.656983316
1	0.404501567	0	0.196040824	0.20425847
0	0.77135575	0.75	0.140949039	0.55555593
0.090909091	0.422171746	0.75	0.623099269	0.595467359
0	0.35394675	0.25	0.782185504	0.510582956
1	0.959237643	0.25	0.578934606	0.495201358
0.363636364	0.184296319	0.25	0.147115701	0.113022984
0.363636364	0.090179158	0.75	0.812020805	0.495355577
0.909090909	0.771430365	0	0.636655504	0.579671389
0.545454545	0.068072359	0	0.388588911	0.134770721
0.727272727	0.83758191	0.25	0.67487386	0.612978177
0.727272727	0.437342494	1	0.260184497	0.527199484
0.181818182	0.916085996	0	0.345567271	0.393466467
0.181818182	0.721933544	0.75	0.918502033	0.857270537
0.181818182	0.610707023	0.5	0.290818303	0.498660862
0.272727273	0.949909016	0.5	0.470503137	0.546545396
0.636363636	0.396762597	0.5	0.891126694	0.636308866
0.454545455	0.954693385	1	0.708502546	0.764075935
0.636363636	0.134882994	0.25	0.062261263	0.090909383
0	0.483945238	0.75	0.147456417	0.412109183
0.636363636	0.269912308	1	0.007838728	0.332982301
0.272727273	0.540082701	0.75	0.631616949	0.675894931
0.909090909	0.161919495	0.75	0.448163296	0.380599172
0	0.842036517	0.25	0.134413628	0.400658169
0.636363636	0.846919022	0.5	0.958995624	0.801181112
0.272727273	0.955843778	0.25	0.530241441	0.493236031
0.454545455	0.154571262	1	0.242152634	0.376389141
0.636363636	0.623646346	1	0.501152738	0.716262649
0.272727273	0.474419183	1	0.680370048	0.718443431
0.181818182	0.344450711	0.25	0.076312979	0.216442615
0.727272727	0.351613472	0.75	0.274999911	0.427897451
0.181818182	0.412921059	0.75	0.807857867	0.664634387
0.727272727	0.705311538	0	0.460168174	0.491540242
0.090909091	0.598577692	1	0.547177812	0.743783737
0.090909091	0.459850508	0.75	0.433289228	0.519810405
0.090909091	0.075762863	0	0.043937475	0
0.454545455	0.077596418	0.75	0.165923818	0.23082955
0.181818182	0.002103727	1	0.446029121	0.38002122
0.727272727	0.968317881	0.5	0.209408163	0.44537888
0.272727273	0.005020733	1	0.050023371	0.198562699
0	0.10294723	0.25	0.844583137	0.37785783
0.272727273	0.31463718	0.75	0.982280088	0.686023898
0	0.807906937	0.75	0.794019765	0.806334433
0.363636364	0.962712323	0.25	0.854729749	0.647628438
0.272727273	0.790474834	0.25	0.242236564	0.459270945
0.636363636	0.690933511	0.5	0.961691495	0.808642926
0.636363636	0.521524184	0.75	0.197134668	0.488231886
0.545454545	0.086544195	0.75	0.952484027	0.53972976
0.181818182	0.958780855	0.5	0.995922119	0.744837867
0	0.758825711	0	0.712508484	0.613726287
0	0.639276998	0.5	0.982231236	0.792218261
1	0.759469711	1	0.570166174	0.818631052
0.909090909	0.724506287	0.75	0.259820894	0.612220954
0.181818182	0.637557673	0.25	0.437473794	0.489845664
0.454545455	0.981206687	1	0.59421424	0.71514654
0.545454545	0.903925381	0.75	0.073151786	0.499598815
0.454545455	0.646999359	0.5	0.623028813	0.656880718
0.454545455	0.693550803	1	0.982265379	0.962703063
0.454545455	0.051403725	0.75	0.190308975	0.240378761
0.181818182	0.670272478	0	0.793471394	0.586559752
0.454545455	0.043966782	0	0.908904244	0.337437878
0.636363636	0.588546523	0.25	0.944747152	0.690214129
0.909090909	1	0.75	0.961199574	0.802965269
0.909090909	0.556060629	0	0.52203217	0.423655825
0.090909091	0.473391084	0.5	0.978391115	0.730688653
0.363636364	0.312893939	0.75	0.758146956	0.609376028
0	0.120391484	0.5	0.161840905	0.197038917
1	0.731432752	0.5	0.477422719	0.64652263
0	0.192531707	0	0.719124257	0.31465785
0.363636364	0.11514629	0.75	0.247605758	0.304299441
1	0.421898104	1	0.641321202	0.679303081
0.181818182	0.795807828	0	0.667335608	0.545198883
0.272727273	0.745486052	0	0.162870365	0.375749424
0.181818182	0.054693441	0.75	0.565706716	0.381048608
0	0.455308665	0.75	0.772479699	0.685132699
0	0.522659096	0.5	0.499442918	0.539712498
1	0.644879216	0.75	0.012105028	0.493586162
1	0.650504889	0.5	0.009036947	0.385933877
0.363636364	0.364782202	0	0.357417668	0.266933907
0.454545455	0.560935551	0.25	0.927220014	0.641338455
0.181818182	0.481249797	1	0.228921313	0.553841138
1	0.885543675	0	0.635062704	0.509292124
0.727272727	0.530496581	0.75	0.222313009	0.506023568
0.363636364	0.441184656	1	0.322018701	0.54801479
0.636363636	0.404605607	0.25	0.848980483	0.567739773
0	0.572696513	0.25	0.729666321	0.606643894
0.363636364	0.804450609	0.5	0.095494503	0.479154002
0.181818182	0.538640138	1	0.429170638	0.653027273
1	0.662002878	0.5	0.029190794	0.43407842
0	0.738270893	0	0.481417229	0.505240687
0.272727273	0.520390624	1	0.663164473	0.750372839
0.363636364	0.426956973	0	0.118623731	0.224539455
0.545454545	0.877203323	0.5	0.289196922	0.524481583
0	0.417637762	1	0.398270665	0.567814701
0.181818182	0.462113847	0.5	0.920549506	0.681924882
0.090909091	0.99097984	1	0.994356088	0.848895207
0.727272727	0	0.5	0.044949964	0.085935302
0.818181818	0.185399283	0.25	0.761848815	0.404324373
0.454545455	0.38406589	0.5	0.372128852	0.390135863
0.818181818	0.933177337	0.25	0.3928862	0.439264794
0.181818182	0.069853935	0.5	0.755098311	0.396907171
0.636363636	0.009256093	1	0.919443676	0.564139457
0.636363636	0.052492717	1	0.95198225	0.588173934
0.090909091	0.088384021	1	0.577757475	0.478590763
0.454545455	0.037392305	0.75	0.357509586	0.294079034
0.545454545	0.479968107	0	0.788419711	0.497062328
0.090909091	0.581033331	1	0.251270926	0.595926595
0.909090909	0.271689628	0.25	0.5646943	0.379392923
0.818181818	0.398402057	1	0.358968521	0.573688316
0.090909091	0.091542738	0.75	0.657355034	0.433571941
0.818181818	0.336430353	0.25	0.240656578	0.261740419
0	0.522743786	0.75	0.191795935	0.490583612
0.636363636	0.732681992	0.25	0.91925612	0.749632337
0	0.003111589	0.5	0.101906083	0.100928021
0.727272727	0.467486512	0	0.506513073	0.389738854
0.909090909	0.297027933	0	0.221088551	0.148447905
0.454545455	0.85333867	0.75	0.038961928	0.507106321
0.545454545	0.715948708	0	0.036047522	0.324971577
0.818181818	0.589392048	0.75	0.175406421	0.507590832
0.545454545	0.277273238	0.75	0.867729729	0.622714671
0.818181818	0.910906842	0.75	0.28278355	0.555994089
0.181818182	0.044902849	0	0.9515123	0.30904877
0.090909091	0.109326723	0.75	0.582262223	0.439451585
0.727272727	0.391738924	0	0.437091671	0.311973491
0.636363636	0.124309927	0.75	0.580727047	0.432765945
1	0.957024206	1	0.517265582	0.705643623
0.818181818	0.798457654	0.75	0.759614645	0.794403207
0.545454545	0.258974067	0.25	0.282800892	0.251735441
0.727272727	0.588837252	0.75	0.353434258	0.58067723
0.272727273	0.982961953	0.5	0.895084287	0.708061368
0.272727273	0.884743589	0.75	0.947505158	0.808814869
0	0.601092303	0.25	0.893546492	0.672341654
0.636363636	0.904285854	0.25	0.419906244	0.473062512
1	0.989822413	0	0.78122808	0.519194701
0.181818182	0.743772812	1	0.476857713	0.790005555
0.545454545	0.064806176	0.75	0.498085586	0.352331379
1	0.401697823	0	0.20489776	0.214014191
0.090909091	0.838329315	1	0.591780885	0.784861954
0.090909091	0.230535471	0.75	0.186332774	0.31338318
0.545454545	0.831139742	0.5	0.331924495	0.563226951
0.454545455	0.120207505	0.75	0.855976424	0.53017021
0.181818182	0.046749161	0.25	0.207296144	0.062547151
0.727272727	0.384192724	0.25	0.071226354	0.222480876
0.818181818	0.036526704	0.5	0.069073252	0.093593229
0.454545455	0.957879528	0	0.941826811	0.573114946
0.818181818	0.826698994	1	0.507476681	0.742157568
0.818181818	0.801240479	0.75	0.409859079	0.667672312
0.454545455	0.630097421	0.25	0.811775341	0.674170305
0	0.216277694	0	0.836750636	0.382105484
0.272727273	0.518481193	0.5	0.332551531	0.463123713
0.818181818	0.59756481	0.25	0.694383454	0.597947397
0.454545455	0.525258318	0.5	0.771975039	0.645101225
0.454545455	0.26022589	0.75	0.655372429	0.520245125
0.909090909	0.515466085	1	0.151753255	0.515545764
1	0.491383212	0.25	0.876852667	0.584776917
0.363636364	0.996979606	0.25	0.53968684	0.474372759
0	0.897992471	0.75	0.282777226	0.565524825
0.636363636	0.463553017	0	0.425692911	0.343992446
0.363636364	0.623250828	1	0.037601533	0.537314876
1	0.748295592	0.25	0.1279984	0.432524214
1	0.034658275	1	0.766392727	0.528482609
1	0.89547554	0.25	0	0.299669541
0.363636364	0.860650128	1	0.41702085	0.714645337
0.545454545	0.457599103	0.5	0.523083889	0.501709015
0.272727273	0.391278142	0.25	0.054683978	0.214576069
0.454545455	0.272963157	1	0.974156632	0.71164508
0.272727273	0.476860861	0	0.226367006	0.265689212
0.181818182	0.044178195	0.5	0.304527858	0.219169672
0.545454545	0.852709826	0.5	0.304271364	0.536209862
0.636363636	0.035215977	0	0.230663145	0.050823358
0.272727273	0.329104778	1	0.001463825	0.377919619
0.090909091	0.932176031	0.75	0.730150214	0.70989257
1	0.735625442	0	0.967916986	0.704132862
0.818181818	0.281402203	1	0.224533106	0.424475882
0.181818182	0.252634906	0	0.66377834	0.345767223
0	0.004848903	0	0.742715808	0.210959597
0.636363636	0.696092131	0.25	0.849364202	0.718758729
0.181818182	0.048589012	1	0.423091011	0.401959151
1	0.532836036	0.75	0.303258624	0.558651789
0.818181818	0.96273553	0.25	0.325647907	0.406528147
0.545454545	0.109327985	0	0.713408018	0.28069463
0.818181818	0.895033639	0	0.817682837	0.609338291
0.363636364	0.992114865	0	0.181805778	0.263309491
0.818181818	0.061333723	1	0.371344917	0.355490353
0.363636364	0.883449736	1	0.902938971	0.86190224
0.545454545	0.516297917	0.25	0.807585592	0.603322115
0.727272727	0.907078075	0.75	0.985950069	0.815559481
1	0.571586715	0.25	0.755081578	0.597310869
0.363636364	0.662460117	0.5	0.393624041	0.57868965
0	0.544022313	0	0.591287864	0.457308247
0.818181818	0.865020055	0	0.661743125	0.537951053
0.818181818	0.734321553	0	0.078532061	0.353862815
0	0.521483793	0.25	0.545095298	0.508323308
0.090909091	0.868691224	0.25	0.710103816	0.603914113
0.454545455	0.245264829	0	0.167497102	0.115735363
0.727272727	0.157242142	0.25	0.781494593	0.380752598
0.636363636	0.160304295	1	0.58441512	0.525671475
0.363636364	0.334066678	1	0.953276889	0.767679679
0	0.238663492	0.25	0.042458175	0.144096814
0.545454545	0.930675566	0	0.265611728	0.353960629
0.363636364	0.105690003	0.25	0.602216138	0.275768519
0.454545455	0.699371476	0.25	0.296880493	0.509119784
0.545454545	0.18915123	0.25	0.715212869	0.40198128
0.181818182	0.882179477	0.5	0.75984393	0.70623862
1	0.961928132	1	0.102619162	0.547708906
0.818181818	0.465644126	0.75	0.514418475	0.560743479
0.181818182	0.879611554	0.75	0.509449006	0.657203694
0.363636364	0.004911989	0.5	0.369682819	0.201389917
0.454545455	0.820434678	0.25	0.933958348	0.742015453
0.727272727	0.228589717	0.5	0.828421708	0.501035055
1	0.9092676	0.5	0.697978801	0.667200044
0.363636364	0.000883369	0	0.715115231	0.232146037
0	0.556436114	1	0.462221746	0.686865958
0.272727273	0.757067546	0.75	0.922014642	0.899221505
0.363636364	0.258679486	0.25	0.695361918	0.3975973
1	0.193066016	0.75	0.729786074	0.512123377
0.818181818	0.083934901	0.75	0.862644588	0.535113043
0.818181818	0.326484673	1	0.274366977	0.489499694
0.363636364	0.560101932	0.75	0.807963399	0.750795826
0.545454545	0.115708622	0.75	0.195447679	0.261987461
0.272727273	0.376790931	0.5	0.345717183	0.37355112
0	0.008842698	1	0.335974783	0.31941268
0.363636364	0.819166059	0	0.97961004	0.709985149
0.545454545	0.128324637	0.25	0.857485134	0.388972552
0.818181818	0.283355918	0.75	0.701943718	0.563160912
0.818181818	0.01820629	0.25	0.727859618	0.308642316
0.454545455	0.432385499	0	0.562690823	0.366782018
0.363636364	0.840627114	0.25	0.948140023	0.729709083
0.272727273	0.392260456	0	0.496803052	0.348228719
0.090909091	0.17941841	0.5	0.380932347	0.309334371
0.272727273	0.754127978	0.75	0.163206334	0.630845099
0.818181818	0.789267189	0	0.787074772	0.600758618
0.818181818	0.17366948	0.25	0.735255064	0.39551667
0.181818182	0.771298431	0.75	0.384773975	0.669851587
0.818181818	0.94789833	0.5	0.02520999	0.376679245
0	0.166287065	0.75	0.839925589	0.559250276
0.636363636	0.77142873	0	0.011419127	0.311505424
0.363636364	0.70896122	0.5	0.70447647	0.725560869
0.272727273	0.473755176	0.25	0.971332418	0.611842067
0.636363636	0.057733975	0.5	0.438139982	0.275071568
0.545454545	0.074522774	0.5	0.235224992	0.198526366
0.090909091	0.852931147	1	0.705649013	0.832786547
0	0.990786728	0.5	0.818031904	0.675776447
1	0.676412699	0.5	0.547030821	0.646799156
0.909090909	0.44611516	0.75	0.968106974	0.756563401
0.272727273	0.647908887	0.25	0.051714957	0.349035221
0.636363636	0.594684051	0.75	0.505349461	0.638827711
1	0.383713949	0.75	0.719247166	0.637185062
0.090909091	0.065446477	0	0.863595219	0.327184548
0.181818182	0.822002093	0.75	0.17944478	0.559420512
1	0.371924796	1	0.800888059	0.715335387
0	0.819272376	1	0.553314613	0.768989169
0	0.252494437	0	0.396986284	0.23649352
0.181818182	0.000792657	0.25	0.131850938	0.055514439
0.909090909	0.158841179	0.25	0.866253481	0.451979396
0.363636364	0.46871625	0.75	0.15743775	0.429528285
1	0.944901427	0.75	0.310123259	0.544210537
0.181818182	0.102046308	0.75	0.290358815	0.301467015
0	0.854727851	0.25	0.872378611	0.697937173
0	0.527252677	0.5	0.67344496	0.609881395
0.636363636	0.826413812	1	0.797562253	0.863626152
0.818181818	0.298400701	0.5	0.250736844	0.332405992
0.909090909	0.840452621	0.5	0.625562483	0.67448315
1	0.773268845	0.25	0.572374849	0.600194762
1	0.230019502	0.5	0.833751729	0.53616083
0.090909091	0.131213599	0	0.907090481	0.376282888
0.181818182	0.868584649	0.75	0.012158743	0.472328054
0.090909091	0.963851197	0	0.67476336	0.485640662
0.181818182	0.031092276	1	0.051882222	0.239058618
0.545454545	0.731679366	0.75	0.549461891	0.727864545
0	0.91009153	0.5	0.287943309	0.492435628
0.818181818	0.857880956	1	0.307108626	0.632787282
0.636363636	0.965136152	0.75	0.353342267	0.567528763
0.818181818	0.760528881	0.5	0.62197682	0.685252758
0.818181818	0.442452377	0	0.334412546	0.31749076
0.818181818	0.311990274	0.75	0.733508228	0.584198468
0.090909091	0.320788802	0.5	0.40496892	0.391654814
0.181818182	0.724825913	0	0.068418127	0.333334849
0.727272727	0.7462592	1	0.784626222	0.904714263
0.545454545	0.200298689	1	0.286066805	0.435210097
0.272727273	0.8686532	1	0.43324005	0.673154617
0.818181818	0.715318876	1	0.686200122	0.869607947
0.363636364	0.563010478	0.25	0.332816952	0.432746525
0.090909091	0.471711941	0.75	0.0566374	0.386270076
0.909090909	0.543475728	0.75	0.374328294	0.553963565
0.636363636	0.159148906	0.25	0.945494978	0.480402839
0.272727273	0.203643752	0.5	0.642441669	0.414434609
0.727272727	0.09100742	0.5	0.672219743	0.363309029
0.363636364	0.153556262	1	0.632978837	0.5456654
0.727272727	0.453857332	0	0.199203417	0.253723186
0.272727273	0.530585921	0.5	0.418790866	0.499778816
0.818181818	0.017639963	0	0.751769411	0.2403722
0.363636364	0.797265106	0.75	0.101474815	0.530816776
0.727272727	0.294190521	0	0.2781524	0.210152416
0.636363636	0.912405099	0.75	0.276617014	0.567436489
0.181818182	0.96812959	0.25	0.43249126	0.459138664
0	0.185385236	0.25	0.981455377	0.491270933
0.181818182	0.462268424	1	0.06756652	0.492330124
0.272727273	0.000995191	0.5	0.519270435	0.269179207
0.090909091	0.598618935	1	0.179553972	0.570847398
0	0.607606063	0.75	0.971752324	0.848509074
0.545454545	0.247521247	1	0.113418788	0.400131868
0.636363636	0.558669026	0	0.404041499	0.373919627
0.545454545	0.225501968	0.75	0.738699972	0.539565535
0.363636364	0.160730035	0.25	0.705332076	0.367976856
1	0.651858202	0.5	0.423190562	0.578302332
0	0.325976111	0.75	0.346900723	0.427773502
0.545454545	0.590548474	0.75	0.398046167	0.61811085
0.545454545	0.433392355	0	0.264560678	0.295541948
0.727272727	0.984984634	0.5	0.205551321	0.421499934
0.181818182	0.149475259	0.25	0.483569188	0.255253963
0.727272727	0.464771943	0.75	0.26882294	0.463141846
0	0.680820965	0.75	0.287772054	0.610600734
0	0.395657331	0	0.657480164	0.416762368
0.272727273	0.975324539	1	0.969610713	0.871028412
0.727272727	0.722288625	0.25	0.604301793	0.62241618
0.454545455	0.657327427	0.5	0.077054058	0.435127318
0.909090909	0.757491385	0.75	0.075656641	0.540855158
0.181818182	0.953253814	0.75	0.95247743	0.813810849
0	0.908384163	0.25	0.29761219	0.442096128
0.272727273	0.724688427	1	0.092158479	0.598379809
1	0.749586768	0.75	0.599704035	0.790453099
0.727272727	0.145813453	0.25	0.624335789	0.329593137
0.181818182	0.102645622	0	0.649219677	0.260559264
1	0.571171908	1	0.267689944	0.589384493
0.727272727	0.018146155	0.5	0.015115965	0.057713176
0.545454545	0.48254544	0.75	0.966084806	0.771273896
1	0.210297965	0.25	0.251162467	0.213372874
0.272727273	0.346084992	0	0.676771977	0.407245058
0.181818182	0.776253439	0.5	0.707409843	0.74149893
0.818181818	0.941832583	0.25	0.610679146	0.53435983
0.363636364	0.072242613	0.25	0.313246289	0.143909401
0.363636364	0.534477173	0.5	0.271388309	0.471735353
0.181818182	0.883076623	0	0.598326189	0.484211148
1	0.082343805	0	0.867054252	0.340191513
0.727272727	0.825005848	1	0.947782685	0.932558671
0.272727273	0.357880202	0.75	0.1060128	0.382626347
0.909090909	0.32214196	0.5	0.154990416	0.303972028
0.363636364	0.978093521	0.5	0.945782977	0.717839963
0.272727273	0.200799077	0.5	0.737348704	0.456712968
0.363636364	0.693569549	0	0.883971374	0.647790934
0.545454545	0.82192981	0.75	0.202847991	0.577779066
0.727272727	0.040982201	1	0.588232482	0.453244497
0.545454545	0.670740886	0.25	0.701913417	0.626080552
0.363636364	0.952154178	0.25	0.680862151	0.558036697
0.818181818	0.124092144	0.5	0.408597286	0.291707539
0.818181818	0.896776551	0.75	0.01540049	0.428226504
0.545454545	0.595065166	0	0.583567447	0.485189087
0.818181818	0.616912424	0.75	0.253373435	0.546005716
0.363636364	0.613248778	0.75	0.450747008	0.620940729
0.181818182	0.298862564	0	0.958642123	0.448441967
0.545454545	0.935791554	0.5	0.3994707	0.499013043
0.909090909	0.94795095	0.75	0.840730769	0.742460594
0.909090909	0.6256202	0.25	0.188740176	0.394407599
0.090909091	0.783878169	0	0.673202192	0.606449499
1	0.612561982	1	0.978089824	0.907612939
0.727272727	0.484589313	0.5	0.101995602	0.362945742
0.818181818	0.661167082	0	0.008317615	0.288907571
0.818181818	0.553253018	1	0.434056877	0.666301058
1	0.597766779	1	0.092717601	0.550330022
0	0.78428836	0.75	0.749211099	0.79547987
0.454545455	0.481091604	0.75	0.915561563	0.771646172
0.545454545	0.040552432	0.75	0.434495548	0.347508957
0.636363636	0.163906855	0	0.258989823	0.095437733
0.818181818	0.438757565	0	0.434878323	0.321984411
0.727272727	0.725230157	0.5	0.724246632	0.735389813
0.090909091	0.593565851	0.75	0.009052657	0.435646565
0.909090909	0.650631836	1	0.590102693	0.786082686
0.818181818	0.479465264	0.25	0.613967093	0.486590399
0.090909091	0.616049101	0.5	0.638390986	0.675232059
0.363636364	0.329070821	0	0.242281564	0.215627795
0.363636364	0.470360879	0.5	0.714841012	0.601778839
0.454545455	0.744699875	0.5	0.091482222	0.50933734
0.181818182	0.872366448	0.5	0.199481927	0.491533744
0.636363636	0.433801301	0.5	0.878441408	0.637473358
0	0.043462556	0.25	0.739539077	0.302423192
0.454545455	0.161577859	0.75	0.013749305	0.220255558
0.272727273	0.020641864	1	0.248642863	0.316559861
0	0.653603297	0.5	0.21463503	0.498111356
0.545454545	0.332370926	0.5	0.271098058	0.325834178
0.727272727	0.54272089	0.5	0.247825458	0.439462342
0.272727273	0.493475567	0.75	0.062584695	0.41548358
0.272727273	0.081360891	0	0.459443009	0.153233239
0.454545455	0.403380436	0	0.733542691	0.463061545
1	0.220518545	0.25	0.607399784	0.336531257
0.181818182	0.418532258	0	0.673613823	0.42746933
1	0.203520674	0.5	0.08122844	0.221719662
0.454545455	0.84095831	0.5	0.952544995	0.826221618
0.545454545	0.17410973	0.5	0.839419529	0.484935611
0.909090909	0.961392922	0.25	0.805980594	0.612111956
0.818181818	0.41603763	0.5	0.823894127	0.62125559
0.818181818	0.846756321	0	0.933743754	0.653822656
0.181818182	0.629083419	0.75	0.544852033	0.681312822
0.545454545	0.735763207	0.75	0.200494741	0.607364099
0.181818182	0.768165441	1	0.617462928	0.800293399
0.090909091	0.505053838	0	0.743702078	0.504279876
1	0.543543505	0.5	0.738732417	0.649385605
0.818181818	0.514212921	0.75	0.522021543	0.609003326
0.272727273	0.588340962	0	0.068523764	0.29614148
1	0.02918272	0.75	0.37151704	0.282898196
0.636363636	0.39562739	0.5	0.921786474	0.636591502
0.727272727	0.606487339	0.75	0.585092006	0.713368046
0.545454545	0.598014701	1	0.538923376	0.719452671
0	0.793419973	1	0.269143057	0.673515743
0.181818182	0.655351161	0.75	0.368850037	0.624085086
1	0.992773428	0	0.896337476	0.569288673
0.727272727	0.283867951	0	0.667198023	0.348820056
1	0.359231075	0	0.78825747	0.417655285
0	0.383949048	0.75	0.454842768	0.508161145
0.727272727	0.465987227	0	0.630941623	0.420837066
0.636363636	0.836500026	0.5	0.248650219	0.514620997
0	0.235762991	1	0.706239494	0.609546086
0.454545455	0.776449083	0.5	0.428068718	0.625416769
0.363636364	0.40543107	0	0.44302964	0.297344315
0.454545455	0.602150175	0.5	0.650038097	0.657718259
0.818181818	0.632862475	0	0.937317867	0.644655927
1	0.372940802	0.75	0.064066404	0.371091967
0.363636364	0.512831037	0.5	0.82565553	0.672094038
0.454545455	0.413158893	0.75	0.292699013	0.480595492
0.363636364	0.068956222	0.75	0.444405119	0.348733868
0.909090909	0.437314462	0.25	0.02192623	0.254180985
1	0.097241833	0	0.301371685	0.10629646
0.363636364	0.40514143	1	0.503182681	0.61169589
0.272727273	0.593205284	0	0.056227362	0.296831207
0.181818182	0.579689836	1	0.491634245	0.713715438
0.181818182	0.662969837	0	0.928137601	0.661389475
0.272727273	0.095108062	0.75	0.10549964	0.203359224
0.727272727	0.652462514	0.5	0.765285465	0.699401495
0.090909091	0.312186513	0.5	0.41011835	0.395872741
0.727272727	0.399161291	0.25	0.655896042	0.472137102
0	0.858507672	1	0.260516487	0.634354606
0	0.008800661	1	0.15965929	0.26485255
0.363636364	0.588695531	1	0.160630729	0.595048901
0.454545455	0.599005992	0.75	0.070559268	0.485479807
0.454545455	0.39677301	1	0.185843033	0.465871435
0.181818182	0.236999847	0.5	0.664951846	0.452495952
0.545454545	0.234643946	0.75	0.882666701	0.596303981
0.727272727	0.884253848	0	0.815026084	0.57828828
0.909090909	0.442177746	1	0.685890202	0.700627668
1	0.330944402	1	0.11054393	0.409295356
0.818181818	0.448936921	0	0.289499768	0.26598603
0.636363636	0.669744948	1	0.310142297	0.675456859
0.454545455	0.145647801	0	0.250225319	0.097174887
1	0.449593763	0.75	0.515570961	0.535565763
0.636363636	0.588166801	0.5	0.536142135	0.617764936
1	0.949184934	0	0.357274138	0.379575191
0.363636364	0.252513486	0.25	0.354173853	0.265542604
0.636363636	0.359330881	0	0.829472161	0.451817263
0.818181818	0.379456515	1	0.790165427	0.698753623
1	0.605836208	0.75	0.308129	0.597890007
0.272727273	0.356809958	0.75	0.914800492	0.710791723
0.818181818	0.533746246	0	0.953870785	0.596959066
0.636363636	0.782244329	0.5	0.327096936	0.589894555
0.818181818	0.70577199	0.25	0.354810355	0.515814352
1	0.446525863	0.75	0.506188956	0.551491166
0.090909091	0.864743108	1	0.94216348	0.907325036
1	0.558396362	1	0.877289505	0.846969974
1	0.540145818	0.5	0.102671219	0.384487007
0.363636364	0.033980282	0.75	0.393159062	0.300264517
0.727272727	0.987328279	0	0.553979471	0.42230297
0.272727273	0.12284188	1	0.503684472	0.461011245
0.909090909	0.231097685	0.5	0.1940686	0.262527574
0.454545455	0.051504845	0.75	0.859767235	0.485654622
0	0.640331512	0.75	0.677687496	0.732371271
0.727272727	0.22466226	0.75	0.838835416	0.56694373
0	0.179931978	0.75	0.859714685	0.581683429
0.363636364	0.088396205	0.75	0.749182571	0.447018563
0.272727273	0.103162632	1	0.439690991	0.441326191
1	0.584950287	0.5	0.611219088	0.637248505
0.181818182	0.688579063	0.75	0.160533412	0.556179849
0.454545455	0.397492858	0.25	0.674388439	0.441850152
0.090909091	0.480083964	0.25	0.179442421	0.317427822
0.181818182	0.686336951	0.5	0.694715358	0.705605309
0.363636364	0.017157434	0	0.229843726	0.014186275
0.727272727	0.323178831	0	0.117671342	0.139610419
0.090909091	0.973721017	0	0.165458007	0.295362751
0.818181818	0.580387783	0.25	0.001982719	0.313637375
0.636363636	0.254211786	0	0.719533157	0.338784159
0.090909091	0.521953943	1	0.733209893	0.74646618
0.909090909	0.342718936	0.75	0.51549857	0.513184569
0.363636364	0.532478189	0.25	0.161531924	0.340265823
0.545454545	0.125615035	0.5	0.083636294	0.167684062
0.636363636	0.132594347	0.5	0.019138748	0.131715717
0	0.143431635	0.75	0.165922213	0.277425392
0.454545455	0.940413617	0.25	0.891841892	0.677142673
0	0.733309658	0	0.241795782	0.426797367
0.090909091	0.162287837	0	0.354656561	0.154863558
0	0.188278002	1	0.105451853	0.334827084
0.909090909	0.731238384	1	0.222598763	0.670168494
0.363636364	0.156064286	0	0.519794598	0.234272943
0.818181818	0.234531101	0.5	0.608421886	0.421575685
0.727272727	0.963961474	0.5	0.245615529	0.446813186
0.454545455	0.255294688	1	0.057785187	0.354707492
0.909090909	0.661980033	0.75	0.391459286	0.631956638
0.909090909	0.979259453	0	0.234454096	0.281212554
0	0.374390214	1	0.219788237	0.487123858
0	0.017293755	1	0.960926467	0.588305002
0.090909091	0.24412558	0	0.616979265	0.311306319
0.727272727	0.831374623	0	0.557490653	0.501270929
0.181818182	0.865136113	0.5	0.416229239	0.583941163
0	0.768961621	0.75	0.429413222	0.679590521
0.363636364	0.112972166	0.75	0.541499319	0.427949545
0.545454545	0.79597651	0	0.697198353	0.560034007
0.454545455	0.919252915	0.25	0.702921046	0.592544577
1	0.600903232	1	0.171874605	0.591186244
0	0.941470115	1	0.500661369	0.683903875
0.363636364	0.827332742	0	0.412407954	0.458033073
0.363636364	0.667323924	0.25	0.871490549	0.717408017
0.454545455	0.5774582	0.5	0.632114637	0.593363198
0.181818182	0.348644354	0	0.53308897	0.333616725
0.363636364	0.15919065	0	0.115512268	0.02446676
0.545454545	0.605251456	1	0.606304723	0.748582404
0.363636364	0.318155287	0	0.117323559	0.165504222
0.363636364	0.866967564	0	0.337572692	0.393302368
0.363636364	0.993978114	0	0.142990339	0.239281997
0.818181818	0.752855782	1	0.692837313	0.870008673
0.818181818	0.09032402	0.5	0.206471525	0.2191482
0.181818182	0.288703293	0.5	0.392286716	0.347690218
0	0.108968439	0	0.896666533	0.330435653
0.363636364	0.650849491	1	0.204533626	0.644719955
0.727272727	0.765630176	0.5	0.508362298	0.682717255
0	0.92625614	0.5	0.419729713	0.534891373
0.181818182	0.43832231	0.5	0.018132697	0.285541294
0.272727273	0.901935459	1	0.793634574	0.861388111
0	0.878430189	1	0.069111609	0.576446424
0	0.31723864	0	0.47477467	0.295759306
0.636363636	0.8694317	0.75	0.561294762	0.679605788
0.090909091	0.375766915	0.5	0.62911882	0.513231874
1	0.296894213	0.75	0.689391439	0.560683857
0.636363636	0.64941123	1	0.253544471	0.647996464
0.545454545	0.328434048	1	0.009978308	0.393419506
0.818181818	0.630528627	1	0.724242471	0.834164453
0.818181818	0.610133655	0.75	0.536245035	0.654607679
0.090909091	0.563699728	1	0.837042738	0.850324755
0.454545455	0.380518568	0	0.822296897	0.464221092
0.454545455	0.548747304	1	0.844259278	0.835982898
0.181818182	0.596775515	0.25	0.485626452	0.527271023
0.909090909	0.545931982	0.75	0.333990504	0.53860188
0.090909091	0.444574944	0.25	0.792433319	0.548821064
1	0.014442301	1	0.451788039	0.376119954
0	0.58734341	0	0.183636055	0.293394526
0.454545455	0.168355692	0.5	0.855920179	0.49853904
1	0.64290679	1	0.88353694	0.926589193
0.363636364	0.759778467	0	0.466820504	0.485703783
0.909090909	0.500650373	0.75	0.075772884	0.425176132
0.727272727	0.542605818	0.25	0.388248915	0.448125201
0	0.9520827	0.25	0.804426196	0.611537993
0.545454545	0.847679207	0.25	0.902772617	0.703735272
0.363636364	0.914807704	0.75	0.20368904	0.50526028
0.363636364	0.81424858	0	0.067036993	0.323846001
0.090909091	0.10877698	0.75	0.87832168	0.527829345
0.909090909	0.148885951	0.25	0.389829532	0.200090327
0.181818182	0.526852024	1	0.542356238	0.709882907
0.545454545	0.246049649	0.5	0.969138665	0.593764869
0.454545455	0.476879524	0.75	0.066627651	0.409905291
1	0.394476527	0.75	0.649032655	0.601936469
0.090909091	0.54966263	0	0.074176793	0.264679542
0.454545455	0.747298823	0	0.37587791	0.480185264
0.090909091	0.715886244	0.75	0.804703392	0.845509586
0.090909091	0.52145759	0.25	0.433946194	0.442582352
0.090909091	0.822883344	0.5	0.998287826	0.841405946
0.909090909	0.431005587	0	0.559673938	0.385937918
0.181818182	0.897269974	0.25	0.321510295	0.44799759
0.090909091	0.071105606	1	0.220346264	0.303662777
0.272727273	0.955266985	0	0.350901566	0.363021951
0.727272727	0.655034624	0.25	0.372938966	0.482439928
0.454545455	0.380173067	0.25	0.068779008	0.215817986
0	0.197090836	0.5	0.369976577	0.303308176
0.636363636	0.47936948	0.5	0.464746947	0.489089964
1	0.194492736	1	0.72353577	0.617152491
0.545454545	0.166241045	0.25	0.657453555	0.3639638
0.818181818	0.61766026	0.25	0.709548021	0.634406606
0.181818182	0.523309819	0.5	0.008361404	0.327329329
0	0.670451206	0	0.217899599	0.37358932
0.363636364	0.930190665	0	0.66241391	0.480310497
0.272727273	0.532493427	0.75	0.484519922	0.597398043
0.818181818	0.581208332	0.5	0.00530778	0.361178747
0.636363636	0.089467907	0.75	0.805384251	0.514957357
0	0.718033021	0.5	0.773663686	0.749812805
0.818181818	0.400021312	1	0.549021896	0.642975664
0	0.977351717	0.25	0.066526135	0.308277396
1	0.823664631	1	0.76736211	0.895524351
0.272727273	0.522705601	0.5	0.58435586	0.554761513
0.636363636	0.123093949	0.25	0.782824341	0.390222624
0.363636364	0.859938476	0	0.752577509	0.58678742
0.090909091	0.800251013	0	0.803890008	0.610940259
0.454545455	0.184510718	0.75	0.518576731	0.447601596
0.363636364	0.29530182	0.5	0.140470073	0.279185035
0.090909091	0.793871536	0.5	0.671897707	0.705309893
0.909090909	0.185154604	0	0.621157239	0.26367987
0.909090909	0.918326789	1	0.743073068	0.794615296
0.909090909	0.424665316	0.25	0.170059672	0.31629157
0.181818182	0.086878241	1	0.195181978	0.31902612
0.727272727	0.816232689	1	0.891395374	0.92890745
0.545454545	0.373602433	0	0.750806333	0.417036406
0.545454545	0.52672731	0	0.909234308	0.562741348
0.909090909	0.112165978	0	0.759553644	0.305687038
0.454545455	0.002348567	0.75	0.597812637	0.35032783
0.636363636	0.638311965	1	0.654853899	0.793139112
0.272727273	0.515393267	0.5	0.890112345	0.693843243
0.636363636	0.593826002	0.25	0.57944353	0.545196832
0.272727273	0.794208426	0.75	0.63308813	0.757171668
0.636363636	0.646940301	0.5	0.156640365	0.474705954
0.727272727	0.17469035	1	0.474440495	0.487391304
0.181818182	0.360853999	0	0.717188027	0.417151995
0.181818182	0.906454909	1	0.271234581	0.608012182
0.909090909	0.770388218	0.25	0.202469113	0.461731245
0.090909091	0.55689184	0.75	0.314166733	0.567403628
0.818181818	0.25563346	0.75	0.241759528	0.373058221
0.181818182	0.302090033	0.25	0.215141751	0.222928095
0.181818182	0.732367975	0.5	0.425315145	0.627681613
0.363636364	0.851689651	0.5	0.908843896	0.746015135
0.363636364	0.671781017	0.75	0.507616046	0.691175627
0.090909091	0.810008519	0.75	0.188119256	0.59793093
1	0.767096744	0	0.077046251	0.337289415
0.818181818	0.149598693	0.5	0.696924385	0.408861852
0.454545455	0.424082188	0.25	0.383215957	0.384313691
0.363636364	0.152881428	0.5	0.822739977	0.451629234
0.454545455	0.235205989	0	0.660237955	0.308719143
0	0.869791017	0.75	0.797121813	0.792939847
0.363636364	0.47307265	0.75	0.272239046	0.481207754
0.727272727	0.535594056	0	0.693122908	0.4880301
1	0.178366122	0.25	0.264346159	0.204804887
0.818181818	0.312310352	0.75	0.940108848	0.677362922
0.090909091	0.230212158	1	0.637075549	0.576683776
0	0.206130866	0.75	0.324863695	0.363390396
0.818181818	0.638287531	1	0.269802142	0.649092646
0.909090909	0.256873406	0	0.191128828	0.138845229
0.727272727	0.632336964	0	0.695407501	0.550025949
0.818181818	0.058268601	0.75	0.218948987	0.239614436
0.727272727	0.141662103	0.5	0.595958522	0.372817643
0.727272727	0.274545435	1	0.264919843	0.434206281
0.454545455	0.597337454	0.25	0.662698885	0.578532773
0.636363636	0.6762015	0.75	0.815841038	0.80576542
0.909090909	0.442870952	0.25	0.778885199	0.528029003
0	0.445947619	0.75	0.761692047	0.675104188
0.818181818	0.724920175	0.5	0.187921059	0.526551567
0.272727273	0.015597357	0.5	0.088472315	0.114572747
0	0.341154089	0.5	0.699720197	0.5179237
0.636363636	0.81919372	0.5	0.368748217	0.578589693
0	0.603515409	0	0.432818926	0.430445939
0.181818182	0.33728778	0	0.031172341	0.125302449
0.272727273	0.906088273	1	0.259855599	0.605786256
0.636363636	0.773068615	0.25	0.033702483	0.398363771
0.454545455	0.264892095	0.75	0.880159056	0.627148567
0.818181818	0.64562306	0.75	0.243657707	0.570693571
1	0.596040118	0	0.557949893	0.441344941
0.545454545	0.401305154	0.75	0.03901134	0.3598236
0.636363636	0.36704303	0	0.667582797	0.420349803
0.090909091	0.343626725	1	0.323377578	0.503086319
0.818181818	0.617464113	0.25	0.898913457	0.674834858
0.909090909	0.44256365	1	0.889101479	0.79293974
0.636363636	0.832361417	0.5	0.325643386	0.552958204
0.181818182	0.669957351	0.5	0.901958573	0.796855892
0.545454545	0.069755748	0.5	0.997261998	0.480998164
0.181818182	0.640496915	1	0.82632871	0.878492849
0.545454545	0.271149616	0.75	0.845806189	0.619740574
0.909090909	0.593098782	0.25	0.249276047	0.408889648
1	0.680495982	0.5	0.577336817	0.660761579
0.090909091	0.230795695	0.5	0.067319611	0.22458045
0.818181818	0.457025143	0.5	0.095012623	0.354691093
0.454545455	0.19025553	0.25	1	0.481167298
0.181818182	0.052147452	0.5	0.326993528	0.230374657
0.181818182	0.378573568	0.25	0.749010437	0.495675072
0.727272727	0.363027673	0.5	0.807557093	0.579666722
0.545454545	0.996123564	1	0.858972846	0.810102952
0.363636364	0.446509553	1	0.998734269	0.832043109
1	0.33362696	0.25	0.24175538	0.284842403
0.818181818	0.580750881	1	0.040384383	0.520131972
0.545454545	0.088608202	0.25	0.411640518	0.190915172
0.727272727	0.96227889	1	0.130214748	0.529460467
0	0.635284128	1	0.022439365	0.545635565
0.545454545	0.755267971	0.25	0.360818957	0.55365383
0.454545455	0.170391044	0.75	0.784604607	0.541409489
0.818181818	0.409602428	1	0.566803322	0.62953902
1	0.422825378	0.5	0.313116739	0.445529683
0.727272727	0.82229585	0.75	0.655063402	0.756902246
0	0.00100004	0.25	0.232266457	0.104100263
0.272727273	0.300881571	0.75	0.014385909	0.292001233
0.727272727	0.981866845	0	0.765198026	0.518373287
0.272727273	0.475068992	0	0.624430202	0.442464117
0.818181818	0.382627008	1	0.763144966	0.721615647
0.181818182	0.119697294	1	0.03896999	0.288047451
0.727272727	0.974788842	0.5	0.838045785	0.68988294
0.090909091	0.019806342	0.75	0.620208593	0.382518433
0.272727273	0.737594753	0	0.564014861	0.539841873
0.454545455	0.769042133	1	0.625302141	0.841343249
0.090909091	0.243634571	0.75	0.865390003	0.617462665
0.636363636	0.671914909	1	0.58758239	0.786703639
0.636363636	0.092773635	1	0.581589557	0.49153575
0	0.25703697	0	0.991777344	0.481410117
1	0.788361395	0	0.757566266	0.599475628
0.181818182	0.865213538	1	0.442777649	0.700936503
0.818181818	0.608787071	0.25	0.708177832	0.601504685
0.727272727	0.507049152	1	0.38965487	0.626110949
0.363636364	0.15920724	1	0.229120218	0.364330398
0.454545455	0.062927139	0.5	0.597508868	0.351850448
0.272727273	0.117515391	0.5	0.929210271	0.501777575
0.818181818	0.227320734	0.5	0.930168765	0.555789117
0.090909091	0.341739084	0.25	0.342276659	0.294336869
0.909090909	0.381008823	0.25	0.528256963	0.391614966
0.636363636	0.346390462	1	0.211861341	0.46839188
0.909090909	0.239029116	0.5	0.996734844	0.559681846
0.454545455	0.50993752	0.25	0.982205383	0.674023361
0.363636364	0.825778593	0	0.650224911	0.546516861
0.727272727	0.279713288	1	0.805303578	0.710569809
0	0.942983115	0.75	0.715889623	0.744079402
0.363636364	0.873871662	1	0.593811072	0.765703001
0.454545455	0.161669608	0.75	0.053396114	0.233747078
0.363636364	0.786733925	0.5	0.455262156	0.638559718
0.454545455	0.574858047	0.75	0.675530602	0.728874439
0.454545455	0.566838938	0.5	0.678278989	0.613960593
0.545454545	0.391151026	0	0.373528971	0.261665339
